300 2
8.4469523987 11.5121250771
15.4996100488 -3.1611204045
-9.7433364734 -18.8063087099
-17.8634260852 -11.3827579758
14.3987467441 8.170480801
-5.5821169597 -19.7026742453
2.2862118931 15.8838725399
15.3304188555 -8.0571750565
7.8850055882 5.7121242544
4.8824656986 -0.5870989988
-8.9076576895 18.466866206
10.105223554 -18.1540700193
2.4921298165 -14.8005650158
16.8574158574 5.3380509343
-23.457892294 -2.6796111331
18.7593032339 -7.0260696103
8.695809096 12.4382658362
2.8217542752 -17.4660858075
-13.9749827493 -4.0643352424
6.1127371572 -13.2112450466
-0.3069055002 -22.2703617403
6.0837067455 -12.3172599054
-6.6057953018 -2.8764192389
1.9285765604 8.2842583258
-9.8829304112 6.1751248921
6.3495928873 -11.1575617648
11.5098791095 -5.6585157511
-18.8027259168 0.0965846987
-6.1218087889 -10.7998672166
-19.6930305653 -14.3569610713
3.6135415346 5.8062436672
4.7390515928 -7.3374142635
11.8303669148 -14.3553725654
-0.8996413898 -0.9208650127
-18.4148369832 -11.9248481054
-4.4026302191 -5.1245020549
7.3136819845 -7.1697797007
3.8149898344 21.2769189146
4.3402808896 -0.1324359997
-7.2973399098 -9.5899240503
1.9051537992 -3.2545822724
9.6921243758 -8.6682711794
5.8022464622 -15.4524335171
-0.0794992999 -2.5067540201
0.8631856099 10.7897753694
12.1143306735 -7.8807685147
4.0869844795 -18.2407648631
8.0438734339 -5.49284812
-2.1057558471 -12.3292485388
6.7764682423 -11.4990721732
5.9416025131 4.9767027437
4.4772674201 1.8584115506
9.562412814 -3.7904079846
5.7054997814 -11.1901934629
13.2937658725 1.3020900544
3.390957547 4.4180942105
-15.8942282675 2.1539678233
12.3035772395 -1.0585986397
-12.4253455952 -14.4544474226
3.5351636033 -2.4318918448
0.9405147514 -3.4396011598
10.5683122364 -9.264486262
12.8145650271 -16.5286147267
-7.78103172 -16.736528673
7.4912348433 -10.4958966129
-7.2995953556 -21.2235739642
8.1496671344 -14.8869129818
-8.1559336525 15.5680389969
6.9064115365 16.6143234961
8.9529688991 -15.7143681358
14.6867517556 19.0251376307
2.5925688417 -13.6521752792
2.1656189678 -19.3615632828
3.0685027573 -11.8789161932
-9.150583239 3.9528520184
6.6964844435 12.8938712353
-2.7085962229 -15.9227473379
9.8011445394 7.2254079679
9.326742452 5.7729860454
4.4473864436 -16.583195062
-5.0740104003 -15.8674796601
10.3149890624 -11.2608180419
2.815795804 -22.6275928133
-17.6165158524 -17.8247726256
-6.5757225913 -14.5071385443
1.5171878027 14.9132574061
9.9790748571 -18.7201688721
1.0322074088 -7.4873062836
2.1780395329 -3.868599858
1.8125931568 -10.2863305151
-15.2571298942 -18.7475223349
4.4708999699 1.9153549255
6.5666077197 -5.2172480371
3.2096997003 -10.6785272694
1.3352919399 -4.7182368302
9.3043635885 -5.4050892802
3.7233215514 4.3445153314
-1.812489602 -2.156288268
2.2762287547 2.2437923245
-13.6932828353 -0.2260240849
13.95288025 2.0250207901
10.2435545417 -9.3830480097
-11.4619270043 -6.0935441837
6.8563381797 3.7639853228
9.6624353123 8.3694995114
-10.1930193298 -4.2969924515
-5.1297229229 -0.6069879595
11.21082678 -1.5052314002
0.9591122952 -12.4455628874
7.9163294071 -2.3288201415
14.4786217639 -3.1948934731
3.6561855141 -9.2887331866
10.0621893096 -7.1802460434
21.0908101407 -10.4173894051
2.3002973243 15.9482691926
5.3159579509 -10.723546611
5.0755032519 -11.5226336861
4.4638682585 9.20801032
9.8043971209 -12.9341405035
-5.5815583797 -33.5730782178
6.2006361954 18.2447432907
15.7552716985 25.3591826108
-2.5234982727 -15.2033355967
2.1797218445 5.9534696173
7.1248682285 2.340311279
0.3092842482 -10.815512143
1.0185515497 -10.7632752214
9.0364482413 11.1433205788
10.2493919871 3.3274531328
0.1072681134 -2.3531889548
15.4536350606 9.8902427014
1.2089763581 -9.5344045936
-11.8689723645 -5.92536255
20.8782538481 -11.9567680309
-3.7892961439 11.6618623847
7.882101459 -8.0923238007
14.6638226033 -23.0457118157
17.6596558259 5.2508623744
10.3661082169 -5.7873302855
12.9049331223 -9.5999277254
11.4487160642 -11.0638681566
-12.1765472545 -6.2500782895
-9.3981395317 -14.8956042863
-10.308522968 21.7858530322
7.696245622 1.2766662239
-18.1923245026 -11.4101713938
8.3814885174 8.0098862519
10.1694413461 -7.7774633292
-6.1544304884 -5.2424635618
15.3572773391 -2.718970837
5.5019865299 -16.6596227162
13.5748400611 -0.2721169573
10.5022556274 0.816906974
-13.522965296 -10.2899655405
-0.9437227144 23.0901711431
3.8950627879 -17.6907964517
18.0047866531 -8.4058647508
5.4576672398 -20.3000919028
10.9883678412 14.5791700919
3.3171952825 -17.2167561411
-4.3064077005 -11.4646143271
1.5531741207 -15.544747778
15.7821400274 6.718530829
7.1260889201 2.7342574031
-4.9036676641 2.8288936955
-3.357118612 -8.4362937229
3.2971078319 -15.0644910569
11.7486036395 -17.132057572
-0.6485116971 -10.5750501379
2.3781962733 -18.6650033564
0.2034300585 -20.3224341364
10.6175867725 -5.5938204637
-2.2473373165 -1.161652414
15.2076169927 8.579335782
6.6465533119 -1.5155394123
-21.8394989646 -4.1382157022
-8.1103902767 2.5045036343
-5.4813361935 13.9529318459
9.6884340024 19.4515556656
-13.2415611463 -12.4799705696
2.0443562908 -16.6787986659
6.6607708817 -9.5523664339
2.010429281 18.6981953909
0.9227381896 -12.4562034623
-0.2817875752 -21.1263667311
5.7071633923 -10.9019270951
5.9061462144 -10.3478961114
8.0604088408 8.6875675784
0.3485109917 0.9849630677
-19.9250490106 -5.489179549
13.3118572386 12.6461155936
-3.2596159958 -19.2057691057
16.8069345724 11.1846127169
7.3190636873 -8.5515407242
15.1562600241 4.4957533192
3.7155906594 -14.7451130957
5.0305462629 -17.6651343893
-16.9627176303 -12.2926326125
-1.5288968219 -0.0063440058
3.9418212068 -26.2301602766
7.0515068527 -7.7172540821
-1.0893399468 19.2332318101
10.559966123 -10.9671862736
-17.2545407009 -16.548057769
16.2906630566 29.7103772444
4.6253151304 8.1145442167
-8.4096434468 -7.2155266663
-2.7565871162 -1.2214768639
8.0047722865 -19.3033127846
-7.6887408243 17.316711376
1.2977536986 24.5212782093
-14.3042527992 4.3598733346
-14.5840221761 -0.0122220764
7.2035325843 -8.8804795889
16.5578488806 12.1747735005
10.4557468548 9.4028323062
17.1931686362 9.9318079064
-13.9750470752 -10.590053755
13.0642121108 13.9783024481
-13.9439428149 14.0787766495
-4.9213077856 -3.1483779391
-0.1155772173 -15.1754773251
-1.3643334386 9.7472168539
-9.7542598576 -6.3856977935
-5.7557729079 3.9190797007
8.0728219803 -18.486899692
1.8725202002 16.4677625464
1.82989605 -20.1058036903
-10.1438563989 -11.9202552974
9.6509733846 24.3686411976
4.7892363485 22.9018265016
-6.6731043148 -9.17051327
7.1829876086 -2.1256253936
18.1296164937 28.6217676469
-0.5523069305 -17.3317835754
10.6526463725 -20.814577849
8.2387258205 -12.7567580579
-9.2046002238 0.6484791091
6.4711805965 7.569859107
4.0034318125 -9.4665149603
-0.4022865021 -18.3619812983
1.4219211721 -0.9842286994
1.9540268946 -5.8032436942
8.130820961 -5.4054895406
5.817558865 -20.0769356942
6.9261794122 -13.7541544493
-16.8714201707 -13.403650127
22.2167034179 -4.1409126337
7.5692963271 11.9191712763
12.7778571503 6.4010900606
4.4001123912 -3.8539216284
7.8373740797 -4.7484251241
7.0651328549 7.6473904958
4.0277384298 -12.125444552
6.3998410914 8.5757482585
1.0356302039 12.0518735603
8.067390788 8.337706886
-11.3230050322 -27.2927269261
-16.6043188611 -2.9917658663
-8.9062342137 -6.488833941
10.0131844764 2.9532340308
-10.7351662668 -21.1624219534
1.7089280869 -12.265549182
8.720538042 -19.5415573057
-1.4369969801 -6.3273444351
-3.6012999676 14.1431286945
17.2837708557 -5.4806884129
-2.2966102696 4.8692251527
14.4423685356 -7.5930182002
-18.5265865933 -2.5538141672
10.1111702707 -4.6606327504
1.3987652195 -22.2602282028
-0.3497309254 23.6395074219
3.6757227835 11.3846332212
1.7502412902 -12.5008766632
-6.2896668596 5.6673279355
-1.064171497 1.1824123582
-10.3376632917 -29.3412241667
-4.9271762703 -1.4826181774
-7.3884985182 -29.6245371481
2.0743408006 -21.1536199232
-12.1427866096 -25.5965094747
1.0310307171 -25.6520833282
6.2075034598 -21.8311977849
12.1376873972 4.7038575846
12.3341214491 6.8494225906
-0.6527368893 1.9192398073
-17.1609920084 -16.7612364857
-1.5501761337 3.0803099613
5.5870839009 0.7901601395
7.5363220924 -11.6274406801
4.4606173691 -24.3567335391
4.9597921189 -9.2555497152
-1.7825726691 -3.8008831996
-14.2991889165 -26.3568621999
13.7977110295 -18.9846194102
-15.3916013016 -13.2606034904
-8.6598917721 8.2025406364
14.1641922158 23.0312833421
15.3432896241 -3.1993380076
