      130.41796901372481443104
      128.17627062035450080657
      127.98567128803439629792
      127.86644195546951152664
      127.75061304266802153506
      127.63582832587221105314
      127.52198879646103080177
      127.40907382416499160627
      127.29706603343311144272
      127.18594867949985882660
      127.07570553231343524203
      126.96632084991233568871
      126.85777935678414962695
      126.75006622387077470648
      126.64316704986312345227
      126.53706784361577319942
      126.43175500756278495373
      126.32721532204300274316
      126.22343593046086596132
      126.12040432521968114088
      126.01810833437254188993
      125.91653610894267956155
      125.81567611086957469979
      125.71551710154105307993
      125.61604813087562604323
      125.51725852692129592469
      125.41913788594075640503
      125.32167606295459449939
      125.22486316271584882998
      125.12868953109159519954
      125.03314574682946158646
      124.93822261368704573670
      124.84391115290513596392
      124.75020259600569261238
      124.65708837789807716945
      124.56456013027647600211
      124.47260967529410891075
      124.38122901949950005474
      124.29041034802187937203
      124.20014601899286788012
      124.11042855819268027062
      124.02125065391010139138
      123.93260515200528004698
      123.84448505116596095377
      123.75688349834767620905
      123.66979378438917080985
      123.58320933979476308195
      123.49712373067615089894
      123.41153065484581929923
      123.32642393805544145380
      123.24179753037277862404
      123.15764550269035737529
      123.07396204336066602991
      122.99074145495193022271
      122.90797815111881163830
      122.82566665358424984333
      122.74380158922592443105
      122.66237768726455215074
      122.58138977654847678878
      122.50083278293112698520
      122.42070172673716399458
      122.34099172031393720772
      122.26169796566445313601
      122.18281575215873147044
      122.10434045432027971856
      122.02626752968460266402
      121.94859251672701816460
      121.87131103285726396734
      121.79441877247735703804
      121.71791150510162538012
      121.64178507353514646638
      121.56603539210932751757
      121.49065844497204125219
      121.41565028443000073821
      121.34100702934239279784
      121.26672486356220304060
      121.19280003442536042257
      121.11922885128443283520
      121.04600768408612054827
      120.97313296199057219837
      120.90060117203096012872
      120.82840885781253348341
      120.75655261824844899365
      120.68502910633276314911
      120.61383502794774358335
      120.54296714070508755867
      120.47242225282002436870
      120.40219722201655372373
      120.33228895446325168450
      120.26269440373857833038
      120.19341056982405291365
      120.12443449812558071699
      120.05576327852074314251
      119.98739404443189471294
      119.91932397192415749032
      119.85155027882727551969
      119.78407022388066138774
      119.71688110590106646214
      119.64998026297162425635
      119.58336507165262219132
      119.51703294621168538470
      119.45098133787460881194
      119.38520773409474884375
      119.31970965784115890074
      119.25448466690443183325
      119.18953035322043376709
      119.12484434221032358892
      119.06042429213729860749
      118.99626789347897215521
      118.93237286831535470810
      118.86873696973162850554
      118.80535798123520407898
      118.74223371618727185250
      118.67936201724752720565
      118.61674075583248111343
      118.55436783158630476009
      118.49224117186443550054
      118.43035873122914836131
      118.36871849095695097276
      118.30731845855726191985
      118.24615666730247198757
      118.18523117576860670397
      118.12454006738647649399
      118.06408145000321496809
      118.00385345545345217033
      117.94385423914043542482
      117.88408197962627355082
      117.82453487823154603120
      117.76521115864348132618
      117.70610906653308802561
      117.64722686918052829697
      117.58856285510861994226
      117.53011533372458075064
      117.47188263496900617611
      117.41386310897300404577
      117.35605512572206521327
      117.29845707472773597146
      117.24106736470571377140
      117.18388442326099152524
      117.12690669657952469151
      117.07013264912654904037
      117.01356076335083855611
      116.95718953939525874830
      116.90101749481344484138
      116.84504316429205061922
      116.78926509937862476818
      116.73368186821541314657
      116.67829205527807800991
      116.62309426112007315623
      116.56808710212166602105
      116.51326921024455884890
      116.45863923279088680829
      116.40419583216734622511
      116.34993768565358607248
